,D1.log2fc,D1.adjPval,D3.log2fc,D3.adjPval,D6.log2fc,D6.adjPval,D10.log2fc,D10.adjPval,D14.log2fc,D14.adjPval
hsa-let-7a-2,-0.453086,0.1581623107,-0.5979695,0.0354796269,-0.349413,0.1511811932,-0.5287075,0.0360033103,-0.517372,0.0393116301
hsa-let-7b,-0.1828075,0.6805397794,-0.5109215,0.1044268878,-0.8543755,0.0078872281,-0.431807,0.1255114042,-0.37995,0.1726778564
hsa-let-7d,0.1055515,0.7983181336,0.544159,0.0342979094,0.7416965,0.0048710916,0.454508,0.0445352484,0.596869,0.0124695747
hsa-let-7e,0.368134,0.3688091972,0.354766,0.3182890984,0.5901225,0.0635131764,0.628861,0.0499786424,0.7255935,0.0265985268
hsa-let-7f,0.1948,0.5887412744,0.631702,0.0318404713,0.8214655,0.0054708753,0.3799185,0.1269693941,0.6545535,0.015233331
hsa-let-7f1,-0.3276645,0.3636968824,-0.3653635,0.231275103,-0.5780615,0.0423872835,-0.195572,0.5175904156,-0.2057555,0.4524057109
hsa-let-7i,-0.299171,0.3268146677,-0.498641,0.0597394453,-0.6303275,0.0134390093,-0.3179945,0.1695900568,-0.1953455,0.4068516761
hsa-miR-101,0.0186155,0.9809516458,0.500505,0.0597394453,0.639255,0.0130949076,0.84855,0.0026601534,1.241754,0.0002405237
hsa-miR-103a,0.025281,0.9493525624,0.1807575,0.3526511883,0.3458285,0.0462606126,0.555056,0.0043771169,0.720772,0.0009225804
hsa-miR-105,0.918174,0.0439991629,0.673708,0.0770419636,0.357143,0.3088167894,0.199688,0.6083627638,0.6675515,0.0526314703
hsa-miR-107,-0.133537,0.6805397794,-0.1144705,0.6814717961,0.135009,0.5699387233,0.3170635,0.1255114042,0.6821375,0.0047863844
hsa-miR-10a,-0.1803385,0.5293279992,-0.4685085,0.0429610765,-0.6527855,0.0060048627,-0.943493,0.0006313294,-0.725884,0.0029243107
hsa-miR-1184,-1.338848,0.0070184348,-1.6086545,0.0010389658,-2.9714805,0.000009253,-3.81085,1.86269070281379E-06,-3.2589885,0.00000453
hsa-miR-1204,-0.29849,0.5847357329,-0.276402,0.5621128162,-0.430066,0.265944264,-0.8398315,0.0332453787,-0.3016505,0.4265511068
hsa-miR-1207-3p,-0.054249,0.9525356754,-0.08236,0.8860192382,0.4676075,0.2277776047,1.6465135,0.0009674844,1.060645,0.0112212186
hsa-miR-1228,-0.163688,0.6938436839,-0.278711,0.3531501852,-0.4660775,0.077077368,-0.713916,0.0124814209,-0.342007,0.1816605648
hsa-miR-1234,0.296674,0.5094312355,1.9562795,0.0002584264,3.420209,3.42825205003323E-06,3.5957165,2.48047200950975E-06,4.56691,4.28111506828006E-07
hsa-miR-1238,0.1487005,0.7804834747,0.7083955,0.0361651769,0.9294065,0.0060048627,1.1581435,0.0015692642,1.3910445,0.0004793437
hsa-miR-124,0.489777,0.2477461911,0.4378935,0.2310625745,0.552895,0.0919618671,0.823106,0.0182801798,0.5589855,0.0869351776
hsa-miR-1244,0.4324425,0.1302162836,0.728991,0.0085183614,0.5190705,0.0249328346,0.500576,0.0285763429,0.4205195,0.0577495784
hsa-miR-1246,1.5097605,0.0322065068,1.6197765,0.0088313808,1.9894925,0.0016236657,4.4664875,8.27870601241283E-06,4.334517,8.92867875443183E-06
hsa-miR-1250,0.2841215,0.3796685066,0.420502,0.1218461126,0.5146185,0.0428097292,0.28343,0.2460948794,0.3568725,0.1420699008
hsa-miR-1255a,0.539623,0.2649636686,0.634639,0.1243567321,0.804097,0.0403409851,0.20729,0.6310835706,-0.0432105,0.9319258561
hsa-miR-125a-5p,0.27091,0.3000967399,0.2608295,0.2481847325,0.3866325,0.0616452649,0.454426,0.0315147571,0.5747685,0.0101052893
hsa-miR-125b-1,-0.619179,0.01001435,-0.9998645,0.0002195146,-1.2348995,2.83742365875862E-05,-1.1216635,3.84088945428553E-05,-1.08792,0.000043438
hsa-miR-1262,-0.669204,0.1002157324,-0.422843,0.2103615712,-0.708664,0.0266974136,-0.721383,0.0243512399,-0.7938815,0.0150561324
hsa-miR-1271,0.1408705,0.7251280205,0.2617215,0.3499900441,0.3832745,0.1159449981,0.4530465,0.0644350419,0.6110505,0.0179421997
hsa-miR-1272,-0.3706,0.3509670879,-0.580891,0.0831616689,-0.3128155,0.3104474384,-0.290553,0.3411740392,-0.626166,0.0433599144
hsa-miR-1275,0.27997,0.8273991029,0.276018,0.7595602316,1.633387,0.0176971451,1.6813375,0.0152757679,1.065805,0.0969882372
hsa-miR-127-5p,-0.489664,0.2322542864,-0.7559695,0.0395034906,-0.883345,0.012154764,-0.1900635,0.6052340172,-0.3685075,0.2340947219
hsa-miR-1276,0.4737545,0.3688091972,0.2039345,0.7098351773,0.2235365,0.6385409067,0.6866795,0.0878893068,0.813175,0.0476055937
hsa-miR-1284,-0.3516935,0.1276164546,-0.2882415,0.1371906659,-0.3198665,0.0737293438,-0.446016,0.0180672345,-0.2808265,0.10912981
hsa-miR-1290,1.869218,0.0066940531,2.027741,0.0016471291,2.5679435,0.0001573292,4.410206,0.000004605,4.2868965,4.89643616747148E-06
hsa-miR-1297,-0.030634,0.9707409082,0.435879,0.1815772359,0.9173975,0.0066296989,0.743888,0.0182801798,1.3110405,0.0007233381
hsa-miR-1298,-0.283947,0.639062891,-0.701181,0.1243567321,-0.7505815,0.0750569789,-1.0633975,0.017168825,-0.75501,0.0706213162
hsa-miR-1299,0.4667415,0.2510753658,0.7225315,0.0427295607,0.834306,0.0144792149,0.651883,0.0440094229,0.4086865,0.1841285787
hsa-miR-130a,-0.2028855,0.511017453,-0.460603,0.0636842731,-0.694721,0.0061615894,-0.803747,0.0026065912,-0.678022,0.0067326107
hsa-miR-133b,-0.0199395,0.976388539,0.1481685,0.5651325372,0.7660755,0.002606959,0.156892,0.4777397434,0.095821,0.6745357448
hsa-miR-135b,0.9230165,0.0327796926,1.80486,0.000458595,1.886177,0.0001558243,2.429648,2.71488382698441E-05,2.7648525,9.35815028823601E-06
hsa-miR-136,-0.450624,0.1720211944,-0.997323,0.003538561,-1.3101905,0.0003016564,-0.8742235,0.0031092449,-0.5757925,0.0272564167
hsa-miR-138,0.034301,0.9493525624,0.4649115,0.0686631086,0.6583235,0.0095424057,0.659686,0.0086460601,0.6903475,0.0068934987
hsa-miR-1381,-0.7858645,0.125340597,-0.3098905,0.514662041,-0.4037205,0.3104474384,-0.9648285,0.019325633,-0.9175675,0.0239660553
hsa-miR-140-3p,2.028253,1.61126351047698E-05,4.9533355,6.48717427127173E-09,7.0160935,5.14600982385846E-10,7.844643,1.71939633649205E-10,8.358949,9.47293521079907E-11
hsa-miR-140-5p,2.571824,8.87279123309573E-06,5.3779345,6.48717427127173E-09,7.147526,5.14600982385846E-10,8.0823045,1.71939633649205E-10,8.6407345,9.47293521079907E-11
hsa-miR-141,0.0731235,0.9343346975,0.442021,0.25572802,1.27909,0.0028433415,0.6350185,0.069520424,0.970809,0.0109799599
hsa-miR-143,0.966041,0.0322065068,0.777759,0.0358843466,0.904856,0.010737678,0.837704,0.0151137695,0.957557,0.0074117784
hsa-miR-145,0.813617,0.1720211944,0.9077765,0.0725445659,0.9486565,0.0427019818,1.00677,0.0316723188,1.1733545,0.015233331
hsa-miR-1469,0.4144195,0.5126233468,0.0730965,0.9033107745,-1.2175715,0.0134390093,-0.9077785,0.0506548249,-0.7255335,0.107863109
hsa-miR-146a,-0.3056825,0.4784858576,-0.4972585,0.1531882414,-0.702422,0.0331103037,-0.388763,0.215906733,-0.823456,0.0150734318
hsa-miR-146b-5p,-0.2673905,0.2017928599,-0.324737,0.0686631086,-0.441212,0.0118403436,-0.313979,0.0527656503,-0.240734,0.1259014673
hsa-miR-147,-0.0966905,0.8587005631,-0.2085865,0.4960914884,-0.3012375,0.2390396118,-0.608958,0.0224644018,-0.2261715,0.3622162215
hsa-miR-1470,-0.2843525,0.566358949,-0.3155315,0.4497625992,-0.7310385,0.0427019818,-0.0686235,0.88269213,-0.006702,0.9864192666
hsa-miR-148a,0.5508155,0.0991933549,1.9717345,3.56611455153448E-05,3.166045,9.06715231353766E-07,3.404082,6.20699628204423E-07,3.8617105,2.04189988307537E-07
hsa-miR-148b,-0.003385,0.9951714753,0.4102245,0.0429610765,0.763309,0.0011481037,0.933208,0.0002879308,1.30681,3.12366069670538E-05
hsa-miR-149,0.21345,0.5786682725,0.08114,0.8313965742,0.259008,0.3533333352,1.323053,0.000396586,1.221481,0.0006114252
hsa-miR-150,0.064092,0.9362749983,-0.0410545,0.9229082561,0.6475205,0.0473392965,0.537455,0.0896518786,0.1514925,0.6664581944
hsa-miR-151-5p,0.178512,0.6337237758,0.52604,0.0700341205,1.1084405,0.0010948537,1.3165625,0.0003288717,1.7865795,3.91338287817391E-05
hsa-miR-152,0.4347365,0.1027417557,1.367188,0.0001329679,1.9272875,8.05362020294528E-06,2.2080515,0.000002924,2.527909,1.23273018694458E-06
hsa-miR-155,0.1333245,0.5831515728,-0.323987,0.0831616689,-0.7093125,0.0012143316,-0.8988705,0.0002502554,-0.9017715,0.0002224403
hsa-miR-15a,0.2308155,0.3982852288,0.4747155,0.0427295607,0.4632005,0.0324040283,0.3686725,0.0743768791,0.3773935,0.0692888837
hsa-miR-15b,-0.1204675,0.7941703904,-0.084118,0.8170414438,-0.247821,0.331165499,-0.5981985,0.0224644018,-0.407127,0.0980198553
hsa-miR-161,0.200804,0.6372359717,-0.150636,0.7033941804,-0.78669,0.0134390093,-1.0996105,0.0021680639,-1.145286,0.0015916777
hsa-miR-17,0.6976605,0.0327796926,0.7811075,0.0095578079,0.7828805,0.0060048627,1.0300535,0.0010719728,1.1498345,0.0004890896
hsa-miR-181a,1.255303,0.0019014584,2.668766,2.36885745910889E-06,2.356613,4.66632031851205E-06,2.1955085,5.74493064779566E-06,2.120915,6.63648183593079E-06
hsa-miR-181b,0.7959755,0.0051781786,2.344696,9.67192591438841E-07,2.3204555,7.0651058683347E-07,1.7211645,0.000004605,1.701496,4.55769377420407E-06
hsa-miR-181d,0.7758505,0.0053590602,2.149468,1.30555219919407E-06,2.2068335,9.06715231353766E-07,1.7008795,0.000004605,1.6572615,4.89643616747148E-06
hsa-miR-1827,0.4596435,0.2820243546,0.6307105,0.0846339361,0.820568,0.0199846599,0.5579835,0.0903736399,0.5470605,0.0975506521
hsa-miR-183,1.5919815,0.0053590602,1.030689,0.0151821855,-2.0839765,0.0001558243,-0.041561,0.9381372354,-2.178438,8.04497007528725E-05
hsa-miR-186,-0.1746145,0.7799715892,0.1120975,0.8261106316,0.528682,0.1234040212,0.5972815,0.0812953701,0.8909505,0.015238386
hsa-miR-18a,-0.007752,0.9951714753,0.0006185,0.9989153115,-0.3888715,0.3066815354,-0.792355,0.0370529043,-0.790251,0.0375955015
hsa-miR-190,0.085966,0.849277427,0.185685,0.4660175774,0.4148095,0.054775032,0.4410395,0.0427230502,0.554842,0.0148895577
hsa-miR-191,0.0320695,0.9525356754,0.2947535,0.2441018383,0.7634825,0.0048710916,0.8168515,0.0026775186,0.988719,0.00082026
hsa-miR-1912,-0.5257465,0.2016886405,-0.565384,0.1008083519,-0.5122625,0.1008520221,-0.543609,0.0802129607,-0.6199745,0.0499132425
hsa-miR-1914,-0.7834675,0.0184823589,-1.502209,0.0001329679,-2.4664425,3.16622590321333E-06,-2.99333,7.47469583394081E-07,-2.5111735,2.43618625577475E-06
hsa-miR-1915,0.5729325,0.0244189459,0.41104,0.0397467064,-0.1669205,0.3582846292,0.1921305,0.2662767357,0.018576,0.9374089126
hsa-miR-193a-5p,-0.075228,0.8872551801,-0.534811,0.0414047084,-0.53455,0.0272554126,-0.698806,0.0067941143,-0.5123195,0.03128405
hsa-miR-193b,0.9593065,0.2943811669,1.0602945,0.1752151973,1.526978,0.0385440822,2.085616,0.0079720995,1.953438,0.0112268283
hsa-miR-194,-0.059108,0.9493525624,-0.256248,0.5956136272,-0.7773405,0.046656069,-0.518812,0.165665112,-0.862533,0.0290896848
hsa-miR-195,0.043497,0.9493525624,1.261591,0.0023975222,2.0068955,6.0475841779302E-05,2.0766785,3.46881990683857E-05,2.566646,8.81960730833061E-06
hsa-miR-196b,-0.66297,0.210748771,-0.6466665,0.1437562296,-0.834819,0.0446113637,-0.893143,0.0326524214,-0.8272015,0.0448166267
hsa-miR-1973,-0.6362405,0.2080357171,-0.8936495,0.0414047084,-1.53438,0.0016236657,-1.3247325,0.0032837568,-1.539008,0.0013856525
hsa-miR-199a-3phsa-miR-199b-3p,0.3424145,0.2080357171,0.336871,0.1371906659,0.65281,0.0060048627,0.433887,0.0413110577,0.666784,0.0051249705
hsa-miR-199a-5p,0.6390655,0.0322065068,0.847431,0.0037556308,1.04677,0.0005010806,1.1657345,0.0002325053,1.349334,7.93409302057545E-05
hsa-miR-199b-5p,0.907299,0.0064341016,2.8372165,0.000000976,3.761747,1.04726768071262E-07,3.644632,0.000000134,4.031762,6.74511430528146E-08
hsa-miR-19b,0.059743,0.9125840177,0.506322,0.0424473881,0.421431,0.0600138386,0.309981,0.1536523059,0.590248,0.0129373051
hsa-miR-205,-0.350323,0.2081263959,-0.5084355,0.037539262,-0.7030555,0.0051261697,-0.848594,0.0014605266,-0.7615275,0.0026983464
hsa-miR-20b,0.660843,0.0882114497,0.777849,0.0219824493,0.440668,0.1234040212,0.158367,0.6310835706,0.038597,0.9220222645
hsa-miR-21,-0.0087105,0.9912975592,-1.1461305,0.0020776249,-2.2759145,1.30429207826877E-05,-2.14223,1.42968135604185E-05,-2.4298495,5.85790639849405E-06
hsa-miR-210,1.3506455,0.0009179493,2.826908,1.30555219919407E-06,3.577972,2.05946076858529E-07,3.698333,1.53736639574476E-07,3.877254,1.01228484013414E-07
hsa-miR-2115,-0.467194,0.2754662783,-0.6353245,0.0834348741,-0.902753,0.0130488916,-1.013271,0.0067389317,-1.105739,0.0042651226
hsa-miR-214,0.5186955,0.0322065068,0.693825,0.003538561,0.9333585,0.0002757271,1.0012015,0.000152444,1.233922,3.42935121974938E-05
hsa-miR-218,-0.3543515,0.1021789704,-0.9478275,0.0003618586,-1.234069,0.000032689,-1.338607,0.000014992,-1.360865,1.07747394018751E-05
hsa-miR-2181,-0.657247,0.0322065068,-0.7881375,0.0057593413,-0.8271625,0.0024591008,-0.763492,0.0032167799,-1.0935735,0.0003567457
hsa-miR-2182,0.331402,0.2183617361,0.7741735,0.004787292,0.572088,0.0124677376,0.7395625,0.0028792707,0.5978805,0.0092986556
hsa-miR-22,0.0741375,0.8872551801,-0.0204685,0.9387405823,0.4983765,0.0324357916,0.612468,0.0118596613,0.8002795,0.0026983464
hsa-miR-221,-0.380734,0.1076855399,-0.862207,0.0014003749,-0.9917005,0.0002445684,-1.1362825,0.000083961,-1.1395905,7.81484734564549E-05
hsa-miR-222,-2.562699,2.99337120107558E-05,-2.84144,5.4396244058148E-06,-1.993317,4.4577656231786E-05,-2.6390505,0.000005465,-2.383878,8.92867875443183E-06
hsa-miR-224,-0.3947635,0.191809337,-0.5868495,0.0291320403,-0.3979385,0.0832798489,-0.510863,0.0322165281,-0.138686,0.5652290762
hsa-miR-2278,0.689851,0.1026441281,0.905554,0.0181808289,0.601236,0.0641597542,0.5414095,0.0893841464,0.476827,0.1326590516
hsa-miR-23a,0.6313435,0.0491440755,0.397523,0.1340159129,0.5566705,0.0279166159,0.7919435,0.0044012507,1.1988395,0.0003567457
hsa-miR-23b,0.486959,0.2401218172,0.55435,0.1182115775,0.8146285,0.0176971451,1.3541075,0.0010719728,1.8754225,0.0001225303
hsa-miR-23c,-0.054891,0.9126857383,0.692712,0.007295531,1.2128505,0.0001530847,1.3869995,4.47383966462308E-05,2.0116085,4.60315503375659E-06
hsa-miR-24,0.5390195,0.0917658496,0.743984,0.0101573534,0.964485,0.001442463,1.091452,0.0006056768,1.4167965,0.000098701
hsa-miR-241,0.6605055,0.0450757549,0.6329245,0.0291320403,0.8364165,0.0048155633,0.8778755,0.0028792707,1.1833955,0.0004614185
hsa-miR-242,-0.061144,0.930176967,-0.1531915,0.6563066894,-0.163977,0.5871838159,0.6237045,0.0243512399,0.8367595,0.005580373
hsa-miR-25,-0.531746,0.1842706144,-1.0247195,0.0078806629,-1.7802705,0.0001558243,-1.9859265,6.24408163246039E-05,-1.896024,7.93409302057545E-05
hsa-miR-26a,0.52657,0.0327796926,1.018187,0.0004815532,1.5262055,2.03594441496347E-05,1.8138485,0.000004605,1.989664,2.99564881638393E-06
hsa-miR-26b,0.2139665,0.3529118348,0.5748515,0.0088313808,0.945068,0.0002757271,0.9781005,0.0001926081,1.1312505,6.64623788044333E-05
hsa-miR-27a,-0.0672155,0.8872551801,-0.8232955,0.0026360444,-0.5892145,0.0077943705,-0.7077855,0.0026286846,-0.543871,0.0109799599
hsa-miR-27b,0.4709085,0.1340831693,0.7421025,0.0119000059,0.792794,0.0054708753,0.7962525,0.0044012507,0.881933,0.0025511092
hsa-miR-2964a-5p,0.884291,0.0327796926,0.8328355,0.0208603667,0.524643,0.0832798489,0.816626,0.0132085492,1.1866555,0.0015916777
hsa-miR-299-5p,0.3144155,0.4591411317,-0.0269735,0.9434406945,-0.0994775,0.8104155564,1.100539,0.0029299493,0.83874,0.0128371912
hsa-miR-29a,-0.484632,0.1260921159,-0.9766745,0.0033020249,-1.273129,0.0002978347,-1.248777,0.0002879308,-1.007598,0.0010240321
hsa-miR-29b,-2.4269835,0.000022412,-2.1449545,1.95385329207586E-05,-1.5715785,9.40242643900914E-05,-1.2255915,0.0003578832,-1.035206,0.0009552118
hsa-miR-29b-1,-0.591841,0.0302451413,-0.689577,0.0052384521,-0.6671445,0.0035666895,-0.6782105,0.0026601534,-0.8459415,0.0006816086
hsa-miR-29c,-1.753976,0.01001435,-1.772215,0.0038040747,-1.7845365,0.0018296597,-1.7396925,0.0019568849,-1.016504,0.031044498
hsa-miR-300,0.590779,0.3000967399,0.52988,0.2922248003,0.701086,0.1160030132,1.0672085,0.0233871228,0.594811,0.1726778564
hsa-miR-302a,0.4625445,0.3667010316,0.543853,0.2103615712,1.1593225,0.0085308229,1.03758,0.0138985435,1.0712675,0.0115000279
hsa-miR-302f,0.0871805,0.8587005631,0.5527545,0.0358740683,0.064127,0.8272780294,0.3274495,0.1437895142,0.1244885,0.6076981327
hsa-miR-30b,-0.0419305,0.9332055216,0.2909815,0.1798262086,0.6221965,0.0060048627,0.803281,0.001269258,1.1198585,0.0001344834
hsa-miR-30c,-0.439591,0.1789729109,-0.027081,0.9310012709,0.074897,0.8203504625,0.1367285,0.6310835706,0.503539,0.0464925689
hsa-miR-30c1,-0.017956,0.987229621,0.2593295,0.5651325372,1.471344,0.0015200966,1.958697,0.0002323036,1.5796145,0.000816301
hsa-miR-30d,-0.34448,0.3824697736,0.0475635,0.9033107745,0.402341,0.177225882,0.5952735,0.0517562108,0.9409105,0.0060205917
hsa-miR-30e,-0.0773615,0.8922205434,-0.008045,0.9783556603,0.1765755,0.529722599,0.447635,0.0750452302,0.7434425,0.007988524
hsa-miR-31,-0.1863675,0.4530707275,-0.6449515,0.0060120787,-1.1590065,0.0001004714,-1.361018,2.82556614868485E-05,-1.3000145,3.40389369722957E-05
hsa-miR-3116,-0.47721,0.3300938776,-0.5601675,0.1808245901,-1.0411545,0.0123335421,-0.865529,0.0281233533,-1.180516,0.0061871508
hsa-miR-3123,-0.719571,0.0221050183,-0.572778,0.0234165165,-0.5260775,0.0201627589,-0.445866,0.0419505993,-0.5245375,0.0198436408
hsa-miR-3124-5p,-0.585512,0.2081263959,0.5492665,0.1577323531,-1.1180895,0.0060048627,-0.69126,0.0548179477,-1.2779065,0.002644322
hsa-miR-3126-3p,0.3104185,0.2482450684,0.18213,0.4660175774,0.1190095,0.6238123441,0.5213585,0.0184957853,0.702159,0.003894257
hsa-miR-3135,-0.3519085,0.4885546329,-0.4898665,0.231275103,-0.9917995,0.0134390093,-1.8350185,0.0003823656,-1.3681095,0.0022544185
hsa-miR-3138,-0.0858805,0.8587005631,-0.433681,0.0785471215,-0.0426285,0.8855766038,-0.525145,0.0243605538,-0.130598,0.5740100758
hsa-miR-3145-3p,-0.5227815,0.0327796926,-0.21974,0.2830845921,-0.5767555,0.0060048627,-0.30436,0.0925238948,-0.500561,0.0115000279
hsa-miR-3170,-0.5775635,0.3009735658,-0.831153,0.0850261454,-1.189848,0.0130488916,-1.029936,0.0251617521,-1.0950145,0.0182883589
hsa-miR-3175,0.251358,0.5831515728,0.62496,0.0785471215,-0.145069,0.7156264586,-0.549418,0.0839270474,-0.954686,0.0074117784
hsa-miR-3177-3p,0.720703,0.1027417557,0.6592235,0.0785471215,0.3840145,0.2592196208,0.4459145,0.1786120334,0.7304105,0.0356909154
hsa-miR-3178,0.259919,0.6052265698,-0.662375,0.0866738249,-1.745272,0.0004223777,-1.7270965,0.000400155,-1.2391985,0.0029243107
hsa-miR-3179,-0.6820595,0.2246885187,-0.860747,0.0780658753,-0.80634,0.0689451423,-1.169578,0.0136510288,-1.07488,0.0198436408
hsa-miR-3186-5p,0.2812285,0.3982852288,0.5749795,0.04391238,0.4532435,0.076136526,0.752572,0.0078388021,0.4011815,0.1110725901
hsa-miR-3188,-0.503857,0.1027417557,-0.284405,0.2830845921,-0.581187,0.0203119761,-0.398124,0.0896518786,-0.656395,0.0109853619
hsa-miR-3192,0.2786745,0.2986287429,0.090794,0.7569922107,0.143727,0.5390522288,0.5539415,0.0138754447,0.056027,0.8258603796
hsa-miR-3193,0.5166805,0.1282429974,0.3457155,0.231275103,0.6799625,0.0155599574,0.336585,0.1912866322,0.3963915,0.1250919488
hsa-miR-3195,-0.44453,0.0987954014,-0.757157,0.0041784607,-1.149677,0.0001573292,-0.642259,0.0046285672,-0.3323995,0.0919474206
hsa-miR-3196,-0.3918925,0.5329123913,-0.7833705,0.1148335117,-0.9405655,0.0428097292,0.9133075,0.0473832937,0.52937,0.2250977236
hsa-miR-3197,0.0635645,0.933884412,0.2463765,0.5002785765,0.177738,0.6083706786,0.645529,0.0365550888,0.2081925,0.4929101062
hsa-miR-320a,0.33903,0.2125150612,0.6110165,0.0156150983,1.315142,0.0001070701,1.4383535,4.47383966462308E-05,1.4647245,3.76510654856401E-05
hsa-miR-320b,0.3107575,0.2017928599,0.576062,0.010658525,1.201357,8.77704474213689E-05,1.331946,3.22987033668862E-05,1.36231,2.75551152548948E-05
hsa-miR-320c,0.615295,0.0166027006,0.684754,0.003538561,1.3427975,2.75737218962373E-05,1.697251,0.000004605,1.741678,0.00000453
hsa-miR-320d,0.4145715,0.1002157324,0.6800715,0.0057593413,1.324787,5.76515570097072E-05,1.616274,1.16016069933218E-05,1.754537,6.29783219278379E-06
hsa-miR-320e,0.369076,0.163500561,0.6413325,0.0095578079,1.369077,6.31985197911738E-05,1.490794,2.82556614868485E-05,1.678727,1.07747394018751E-05
hsa-miR-323b-3p,-0.8841785,0.0327796926,-0.623395,0.0686631086,-0.454528,0.134935782,-0.0495185,0.9090841202,0.6462545,0.0388976878
hsa-miR-324-5p,0.300475,0.4784858576,0.5801295,0.0906222866,0.6603565,0.0407642793,1.244202,0.0014605266,1.4648885,0.0004874688
hsa-miR-326,0.80995,0.259304268,0.591363,0.3547249606,1.626038,0.0094908586,2.2812105,0.0013126945,1.701975,0.0068934987
hsa-miR-328,0.155013,0.64682591,0.3266845,0.2007412419,0.7714165,0.0048710916,0.951223,0.0012058024,1.134511,0.0003674634
hsa-miR-329,-0.6304625,0.2417650913,-0.755838,0.1034852146,-0.8421985,0.0491488067,-0.5964065,0.1486867471,-0.8799625,0.0403808989
hsa-miR-331-3p,-0.4629035,0.1423422579,-0.6495915,0.0238792126,-0.428952,0.0789103552,-0.2924705,0.2283137617,0.1015485,0.7099490755
hsa-miR-331-5p,0.034893,0.9627800741,0.1007895,0.8170414438,0.61721,0.0439770092,0.5700265,0.058027883,0.348321,0.2252490674
hsa-miR-335,-0.733955,0.0450757549,-1.1851745,0.0024440224,-1.4511655,0.0002998473,-1.777617,6.82032117103137E-05,-1.716408,7.93409302057545E-05
hsa-miR-337-3p,-0.254769,0.3981331318,-0.688069,0.0127781974,-0.752693,0.0051748338,-0.7946715,0.0031314821,-0.6993705,0.0067326107
hsa-miR-337-5p,-0.3658685,0.2568243611,-0.8896405,0.0059998936,-0.981208,0.0018749456,-0.7950105,0.0055202686,-0.7690075,0.0067575799
hsa-miR-338-5p,0.6791525,0.0322065068,0.575337,0.0291320403,0.727286,0.0056982978,0.2670515,0.2335994923,0.068894,0.7954656192
hsa-miR-339-3p,-0.343464,0.5786682725,-1.2514375,0.0157232173,-1.0968495,0.0176971451,-0.4786385,0.2632631369,-0.5438525,0.1963146186
hsa-miR-339-5p,-0.227205,0.5548226244,-0.0568245,0.88815128,0.75277,0.012154764,0.7690135,0.0102065261,1.086214,0.0014351107
hsa-miR-33a,-0.729218,0.2125150612,-0.6426995,0.193550762,0.421351,0.3637477389,0.7463075,0.0925238948,1.068623,0.022539207
hsa-miR-33b,0.037619,0.9682706526,0.3427705,0.3850243508,0.6491345,0.0635131764,1.1513295,0.003995944,1.519182,0.0007515787
hsa-miR-342-3p,0.6810885,0.0322065068,0.8650435,0.0046154574,1.0472015,0.0007769178,1.0399965,0.0007202714,1.3265055,0.000132776
hsa-miR-342-5p,0.4411625,0.0627331777,0.354857,0.074803215,0.379369,0.0404785912,0.0991225,0.6310835706,-0.086371,0.6610537304
hsa-miR-34a,-0.5966985,0.1302162836,-0.425027,0.2101012622,-0.618823,0.0473392965,-0.200792,0.561889751,-0.257756,0.3980526343
hsa-miR-361-3p,0.266566,0.2874236881,0.452236,0.0414047084,-0.0078335,0.9741809767,0.2064485,0.2867559853,0.081569,0.7099444113
hsa-miR-361-5p,0.2213005,0.3982852288,0.252682,0.2568185122,0.660496,0.0051748338,0.6854285,0.0034404028,0.7660705,0.0018135913
hsa-miR-3619-5p,0.430807,0.2183617361,0.4375275,0.1428422644,0.4038405,0.1378698443,0.642036,0.0246883184,0.3648135,0.1715127183
hsa-miR-3621,-0.4770005,0.1302162836,-0.9067,0.0046154574,-1.6686185,6.0475841779302E-05,-2.088136,1.09661016025755E-05,-1.603491,0.000052732
hsa-miR-363,0.6398495,0.2558005388,0.772696,0.1097590878,1.010435,0.0278343727,0.565049,0.1912866322,0.6292035,0.143995054
hsa-miR-3647-5p,0.2711645,0.6805397794,0.4964325,0.3029909284,0.5130125,0.2308870025,0.75876,0.0732643666,0.890164,0.0403808989
hsa-miR-3648,1.1646465,0.071610841,1.357487,0.0183988554,0.2704085,0.632340699,0.746177,0.118111742,-0.101774,0.8693109448
hsa-miR-3651,1.3188485,0.1002157324,1.4422425,0.0358843466,1.6820945,0.010737678,1.679415,0.0102065261,1.762151,0.0077837064
hsa-miR-3653,0.168895,0.478532546,0.2008755,0.311942167,0.3437305,0.0543530785,0.425173,0.0218189383,0.613113,0.0030368774
hsa-miR-3654,-0.0079355,0.9951714753,1.1890905,0.0087689933,1.044739,0.0098001428,0.6149225,0.0891212149,0.6083065,0.0931809422
hsa-miR-3656,-0.1767325,0.6052265698,-0.1292655,0.6878892697,-0.5717935,0.02434685,-0.347456,0.1437895142,-0.38316,0.10912981
hsa-miR-3663-5p,0.448422,0.0428434146,0.546585,0.0085183614,1.296065,2.68082775274117E-05,0.599078,0.0026065912,0.4814855,0.0083949383
hsa-miR-3665,-0.1474505,0.843612103,0.339716,0.4117246331,-0.6805555,0.0595498947,-0.812273,0.0280976529,-0.7200655,0.0463458001
hsa-miR-3685,-0.018031,0.987229621,0.107973,0.8742034564,-0.802902,0.0829525418,-1.062644,0.0278258959,-1.415679,0.0067575799
hsa-miR-3686,0.255979,0.7072212816,0.806135,0.0846339361,1.4155525,0.0049827971,0.8090505,0.0591684847,0.949671,0.03090823
hsa-miR-3687,0.2545415,0.3644904532,-0.232333,0.3446978974,0.679386,0.0060048627,0.3395155,0.1094755001,-0.058576,0.8224224643
hsa-miR-3690,0.1479175,0.9343346975,0.477619,0.5928414017,1.5522595,0.0347267763,0.780137,0.2635955215,0.8119545,0.2340947219
hsa-miR-369-3p,-0.051642,0.9362749983,-0.482421,0.0906222866,-0.66577,0.0166672901,-0.2235655,0.3959297118,-0.045865,0.8910517633
hsa-miR-371-5p,0.6329875,0.2558066207,1.0355865,0.0381928643,-0.1895915,0.7274551744,-0.102548,0.867091772,0.239539,0.6051332523
hsa-miR-373,0.1345585,0.8872551801,0.225846,0.6780701275,-0.9207725,0.0313625614,-0.978449,0.0233871228,-0.858833,0.0403808989
hsa-miR-374a,-0.3017055,0.292763491,-0.617582,0.0194394645,-0.9475065,0.0011081525,-0.923684,0.0011711868,-0.7597315,0.0035910975
hsa-miR-374b,-0.4617815,0.2797542978,-0.723871,0.0510704959,-0.6916535,0.0428097292,-0.859366,0.0155183529,-0.673374,0.0460224427
hsa-miR-374c,-0.002273,0.9971493959,-0.441826,0.0338831683,-0.638512,0.003330367,-0.931041,0.000283422,-0.8422045,0.0004874688
hsa-miR-376c,-0.127111,0.7116984336,-0.91193,0.0025543684,-1.0000915,0.0006575069,-0.5718505,0.0138060255,-0.2690005,0.1986615876
hsa-miR-377,-0.389472,0.2538245658,-1.0098185,0.0042408891,-1.1513935,0.0010081422,-0.835124,0.0055356381,-0.6766045,0.016541227
hsa-miR-378,0.07822,0.9525356754,0.4217,0.5403281699,1.1819955,0.0424685657,1.0221585,0.069520424,0.879056,0.1144207395
hsa-miR-381,-0.0623115,0.9362749983,-0.6063825,0.077709438,-1.270089,0.0013530739,-1.1052495,0.0026601534,-0.745164,0.0211812821
hsa-miR-3929,0.0934145,0.8241395779,0.044902,0.8868278039,0.428819,0.048484458,0.0607085,0.8394743945,0.0375915,0.8910517633
hsa-miR-3941,0.0939305,0.9493525624,-0.6339375,0.353054047,-0.5619995,0.3626164484,-1.098841,0.0659192309,-1.3548425,0.0285670549
hsa-miR-409-3p,0.0499355,0.945234586,-0.6494785,0.0493560502,-0.7555855,0.0168278775,-0.844744,0.0093040783,-0.3384985,0.2343566532
hsa-miR-409-5p,-0.2204485,0.6766215196,-0.9633895,0.0181273489,-0.888179,0.0155265323,-0.9082055,0.0136838488,-0.8635665,0.0169890478
hsa-miR-411,-0.7409405,0.0527103031,-1.14507,0.003538561,-0.642701,0.0331491387,-0.4525285,0.115005042,-0.5778215,0.0495976251
hsa-miR-421,0.334168,0.2986287429,0.5760245,0.0415154407,-0.054404,0.8705581736,-0.099883,0.7581839623,-0.1604735,0.5311523676
hsa-miR-423-3p,0.4677455,0.2125150612,0.2034925,0.5723939322,0.72459,0.0184064635,0.7998955,0.0111481798,1.171191,0.0012623324
hsa-miR-423-5p,0.0923485,0.9113045456,0.217579,0.6040554115,0.1034925,0.8117526218,0.5754645,0.0814619853,0.8498755,0.0162362182
hsa-miR-424,0.0861185,0.8411802809,-0.1313765,0.6174123595,0.6981885,0.004747148,0.9602425,0.000588108,1.4841415,3.18908655412833E-05
hsa-miR-425,0.305497,0.5094312355,0.333588,0.3779837659,0.9642795,0.0094171933,0.7404075,0.0314392862,0.70993,0.0375955015
hsa-miR-4251,-0.471613,0.455007625,-0.836489,0.1044268878,-0.816311,0.0798121129,-1.012416,0.035118137,-0.6688795,0.143995054
hsa-miR-4260,-0.725279,0.0491521858,-0.9902165,0.0058973883,-1.114993,0.0016236657,-1.34027,0.0004693691,-0.8564325,0.0067261186
hsa-miR-4262,0.533221,0.0882114497,1.0644305,0.0016013786,1.1702845,0.0003635817,1.244299,0.0002323036,1.6007005,3.79171791488936E-05
hsa-miR-4273,-0.34675,0.1789729109,-0.627761,0.0095578079,-0.965696,0.0004461978,-1.145267,0.0001410052,-1.1416605,0.0001245257
hsa-miR-4284,-0.203596,0.7745771642,-0.345949,0.4660175774,-0.850919,0.0381629458,-0.700967,0.0743768791,-0.962071,0.0204026563
hsa-miR-4286,-0.6410295,0.1708845036,-0.6460155,0.0984010305,-0.7541145,0.0403409851,-0.549279,0.1160848562,-0.133768,0.7407726472
hsa-miR-4288,-0.675944,0.0079972915,-1.21453,7.63335589717519E-05,-1.3338,2.48876074931019E-05,-1.559295,6.16819689663316E-06,-1.6378105,4.78923236011905E-06
hsa-miR-4289,-0.3384525,0.2510753658,-0.125421,0.6814717961,0.051944,0.8705581736,0.009724,0.9845796605,0.5198635,0.0290035434
hsa-miR-4290,-0.0345225,0.9808009284,0.04205,0.9343134872,0.0858185,0.8718459727,0.948127,0.0265772642,0.4799575,0.2252490674
hsa-miR-4291,0.123256,0.7671519366,0.7648535,0.0088313808,0.7799465,0.0051261697,0.7447685,0.0055044866,1.0855,0.0005623448
hsa-miR-4299,-0.053353,0.930176967,0.137001,0.663106529,0.689978,0.0096455389,-0.0303425,0.9343568722,-0.0444735,0.8888070153
hsa-miR-4301,0.0605135,0.8872551801,-0.1466095,0.5296372107,-0.5799975,0.0069269754,-0.8713125,0.0006056768,-0.984751,0.0002509513
hsa-miR-4308,0.004142,0.9951714753,0.259223,0.3446978974,1.2224185,0.0003433425,0.703485,0.0079104027,0.809879,0.0037312303
hsa-miR-431,0.093712,0.9113045456,-0.062313,0.9009465523,-0.394647,0.2512774407,-0.363928,0.2800425894,-0.703618,0.0423126529
hsa-miR-4314,-0.7532715,0.1027417557,-0.7963675,0.0445013745,-0.6985735,0.0526309923,-0.7530445,0.0380411973,-0.8542955,0.0212088134
hsa-miR-4317,0.5247665,0.0527103031,0.8579155,0.00270583,0.917189,0.0008354054,0.8938995,0.0008656946,1.120066,0.0001890786
hsa-miR-4324,-0.064788,0.9314746224,-0.4111905,0.2151135386,-0.5228515,0.0798754686,-0.7555625,0.0177478869,-0.371734,0.200416386
hsa-miR-4328,0.5898065,0.1145914495,0.8527065,0.0136360113,0.7658625,0.0134390093,0.5315355,0.0644350419,0.859839,0.0073687538
hsa-miR-4329,-0.3798065,0.3518789667,-0.5583695,0.1045270124,-0.782916,0.0184064635,-1.1774595,0.0020926275,-0.988778,0.0056249353
hsa-miR-433,0.404011,0.2558066207,0.239347,0.4717282853,-0.015016,0.9739107816,0.5145175,0.0644350419,0.824606,0.0075562843
hsa-miR-451,-0.004851,0.9971493959,-0.2991785,0.6563066894,-0.3200565,0.5800755574,1.9648285,0.0017458493,1.3566265,0.0129264249
hsa-miR-455-3p,1.1153525,0.0059210734,3.715934,7.59589144491888E-07,4.501273,1.04726768071262E-07,4.5478445,1.27473240464881E-07,4.7305165,6.74511430528146E-08
hsa-miR-455-5p,0.311947,0.4721266782,2.699685,2.41046606293487E-05,3.4402825,0.000003259,3.54972,2.48047200950975E-06,3.77088,1.62547430377702E-06
hsa-miR-483-5p,0.2728495,0.6284245397,0.1940735,0.7139973322,0.1654015,0.7330645655,1.152729,0.0079104027,0.830651,0.0385717119
hsa-miR-485-3p,0.2062475,0.5393643149,0.0672805,0.8512500196,0.746199,0.0068472179,0.6284205,0.0155183529,0.3218845,0.1736627422
hsa-miR-490-3p,-0.2814385,0.3636968824,-0.219267,0.4315450091,0.715392,0.0074866629,0.715501,0.0067941143,0.8645545,0.0023861629
hsa-miR-491-5p,-0.0140185,0.987229621,0.081771,0.8188682143,0.185542,0.4854114368,0.4899565,0.049121794,0.621096,0.016541227
hsa-miR-492,-0.392828,0.1302162836,-0.3452355,0.1200105094,-0.997201,0.0004223777,-0.6711125,0.003995944,-0.364738,0.0702241717
hsa-miR-493,-0.629219,0.2267892408,-1.0560055,0.0270498841,-0.970592,0.0234769235,-0.6701945,0.0957315753,-0.6116775,0.1281473931
hsa-miR-494,-0.973069,0.1267703682,-1.1410085,0.0397467064,-1.3969445,0.0098001428,-1.496148,0.0062898571,-1.184602,0.0204895356
hsa-miR-497,0.1460745,0.8524309449,1.264815,0.0065479842,2.333202,9.43005537302035E-05,2.6035325,3.42101814353251E-05,3.069197,1.03147387426456E-05
hsa-miR-500a,0.175706,0.5293279992,0.407923,0.0698737879,0.585414,0.00934352,0.3929875,0.0548002305,0.4329965,0.0363257575
hsa-miR-508-5p,0.026277,0.9808009284,0.2079295,0.5846067028,0.9616405,0.0060048627,0.500959,0.0933301214,0.3698995,0.2047297792
hsa-miR-513a-3p,-1.165581,0.0322065068,-0.2073665,0.6905726499,-0.0561915,0.9160819825,0.239973,0.5932900466,0.1649045,0.7086629671
hsa-miR-513a-5p,0.0714225,0.945234586,0.1493115,0.799299885,1.0990445,0.0134090474,-0.0571405,0.9247935441,0.0360855,0.9526914298
hsa-miR-515-3p,0.323269,0.5139120635,0.513309,0.1924122233,0.3256265,0.3823579925,0.785459,0.0331090182,0.855565,0.0219861666
hsa-miR-518ehsa-miR-519ahsa-miR-519b-5phsa-miR-519c-5phsa-miR-522hsa-miR-523,0.1508075,0.7646401323,-0.328617,0.311942167,-1.265702,0.0008859013,-1.3222505,0.0006056768,-1.2801165,0.0006816086
hsa-miR-520d-3p,0.015067,0.9861219355,-0.449308,0.0729602613,-0.200901,0.3918726676,-0.4056655,0.0704790177,-0.619725,0.0111852847
hsa-miR-525-5p,-0.384249,0.323602193,-0.315269,0.3595668136,-0.5609525,0.065490069,-0.6952925,0.0268940388,-0.4985215,0.0965730288
hsa-miR-526b,-0.735068,0.1002157324,-0.5259885,0.1558941964,-0.661767,0.0543603233,-0.673363,0.0506548249,-0.7058625,0.0408559892
hsa-miR-532-3p,-0.2517505,0.4938324334,-0.697171,0.026327439,-0.428509,0.1102276581,-0.6695745,0.0182801798,-0.463827,0.0815385716
hsa-miR-542-5p,-0.385448,0.3086283226,-0.8239195,0.0194048014,-0.163385,0.6393187103,1.2964205,0.0008346297,0.7446115,0.0176529746
hsa-miR-545,-0.4022885,0.4423120257,-0.4245,0.3405214299,-0.8057855,0.0439770092,-0.4860925,0.2060349525,-0.323016,0.4050447455
hsa-miR-548d-5p,-0.7470745,0.0450757549,-0.4458545,0.147520682,-0.477118,0.0887665008,-0.867979,0.0061694919,-0.398573,0.1476162399
hsa-miR-548e,-0.2607445,0.639062891,-0.0680065,0.9009465523,-0.2167395,0.6259676013,0.1970145,0.6604249684,0.9192255,0.0218614005
hsa-miR-548k,0.835658,0.0327796926,0.892414,0.0119000059,0.7416525,0.0176971451,1.187467,0.0013171629,0.855725,0.0082166792
hsa-miR-548o,-0.4391755,0.2080357171,-0.4128505,0.1558941964,-0.470527,0.0768871206,-0.7477965,0.0102065261,-0.460038,0.0815385716
hsa-miR-548t,0.266606,0.2986287429,0.346505,0.1151075783,0.90878,0.0007614679,0.3708045,0.0644350419,0.308484,0.1181314861
hsa-miR-550a,0.2267235,0.8000846785,-0.2661495,0.6763503824,1.141447,0.0232686653,0.125468,0.8471106883,0.0304055,0.9660868749
hsa-miR-550b,0.0618865,0.9493525624,0.2598845,0.5928414017,1.043823,0.0130216421,0.7167595,0.0640202973,0.8574255,0.0309821262
hsa-miR-552,-1.0551675,0.0322065068,-1.599286,0.0015121934,-1.4675455,0.0010884863,-1.963347,0.000152444,-1.7827815,0.0002509513
hsa-miR-553,0.0688435,0.8872551801,0.5523755,0.026327439,0.960112,0.0007651053,0.7907735,0.0021860778,0.889632,0.0009796367
hsa-miR-574-3p,0.4823805,0.1076855399,0.714606,0.0109586277,1.264734,0.0002379542,1.751085,2.5626331045132E-05,2.0055755,8.92867875443183E-06
hsa-miR-574-5p,0.4249225,0.2297878015,0.6539055,0.0395034906,0.883577,0.0060048627,0.768775,0.011105781,0.8049725,0.0084640488
hsa-miR-580,-0.477787,0.2820243546,-0.0429445,0.9229082561,-0.2498495,0.5139317932,-0.1632335,0.6918343884,-0.7390945,0.0375955015
hsa-miR-581,0.577051,0.0991933549,0.396948,0.1612787748,0.507258,0.0543603233,0.292112,0.2565377922,0.5313685,0.044164962
hsa-miR-584,-0.494085,0.2080357171,-0.7005535,0.0395034906,-1.7398915,0.0001558243,-2.1960055,2.82556614868485E-05,-1.8229785,8.39455680602283E-05
hsa-miR-585,0.4008925,0.5642762971,0.5385555,0.3377350204,-0.6525855,0.1799941126,-1.062585,0.0355316428,-0.8697535,0.0747884295
hsa-miR-596,-0.344039,0.6284245397,-0.662712,0.2296101987,-0.741567,0.1313468109,-1.1647865,0.0243605538,-0.7631035,0.1176976894
hsa-miR-600,-0.522768,0.1720211944,-0.3319355,0.311942167,-0.709337,0.0205435331,-0.8772245,0.0067941143,-0.932711,0.0051249705
hsa-miR-601,-0.2050245,0.6052265698,0.544337,0.0785471215,0.6396215,0.0286413651,0.6516065,0.0258785016,0.543968,0.0536178901
hsa-miR-605,-0.568689,0.1350480701,-0.6738915,0.0428981153,-0.843632,0.0101073187,-0.9877665,0.0039826992,-0.906585,0.0067261186
hsa-miR-608,-0.2111285,0.5371904426,-0.6521065,0.0241176936,-0.661666,0.0132600142,-0.889993,0.0026065912,-0.766475,0.0061025541
hsa-miR-612,-0.2055005,0.7264674599,-0.31352,0.4660175774,-0.734357,0.0462159216,-0.822124,0.0278258959,-0.509113,0.1476162399
hsa-miR-616,-0.573084,0.3000967399,-0.6706085,0.1577323531,-0.664965,0.1234040212,-1.1071215,0.0169126887,-0.964496,0.0311073753
hsa-miR-625,0.21353,0.5508558811,-0.112643,0.7529812486,-1.337936,0.0002998473,-0.924184,0.0026065912,-1.075882,0.0009552118
hsa-miR-628-3p,-0.030611,0.9698117329,0.486096,0.1278850655,0.6712535,0.0279166159,1.155945,0.0015333652,1.044098,0.0027004359
hsa-miR-630,0.4531935,0.6052265698,0.424966,0.5838762011,1.0941425,0.0766919031,1.4396835,0.02552041,1.100231,0.0732313152
hsa-miR-631,-0.0525035,0.945234586,0.000835,0.9989153115,-0.0123665,0.9741809767,0.6301615,0.043659818,0.389055,0.1893080634
hsa-miR-632,0.8669385,0.0244189459,0.655197,0.0326884723,0.7338725,0.0115224282,0.8129225,0.0061694919,0.122815,0.6745357448
hsa-miR-635,-0.6532485,0.5280043445,-1.712023,0.0415154407,-1.51003,0.0469200345,-1.4203745,0.058027883,-1.325429,0.0732313152
hsa-miR-638,0.2520725,0.3993518723,0.401721,0.1115749309,-0.5711595,0.0188560769,-0.1779935,0.4670672825,-0.4014795,0.0786705169
hsa-miR-642a,0.2779665,0.5725748343,0.580542,0.1243567321,0.698822,0.048189965,1.148949,0.0040682642,0.956875,0.011138429
hsa-miR-642b,-0.0277875,0.94991451,-0.3793825,0.0725270944,-1.525664,2.30545849362104E-05,-1.25619,5.33707249531933E-05,-1.059071,0.000151132
hsa-miR-643,0.723228,0.0322065068,0.328673,0.2299135994,0.1636885,0.5560742553,0.273527,0.2618099019,0.0165565,0.9632082275
hsa-miR-644,-0.215275,0.6260672572,-0.5152435,0.1243567321,-0.4091975,0.1787747318,-0.5857945,0.0581227887,-0.718703,0.0244220118
hsa-miR-645,0.175824,0.5831515728,0.578243,0.0273084089,0.710141,0.0060048627,0.033505,0.919689241,-0.119746,0.6164318072
hsa-miR-654-3p,-0.10689,0.7257510813,-0.6674045,0.0057593413,-0.7509345,0.0015358239,-0.6929105,0.00224211,-0.7248725,0.0016057757
hsa-miR-654-5p,0.235385,0.6052265698,0.5337545,0.1290137634,-0.5729725,0.076136526,-0.130596,0.7531603161,0.8138365,0.0170395045
hsa-miR-655,-0.4315815,0.4661508315,-0.4625485,0.353054047,-0.701586,0.108061014,-0.871847,0.049290622,-0.578225,0.1726778564
hsa-miR-659,-0.056543,0.9314746224,0.123237,0.7350219097,0.5406265,0.0447209442,1.1762465,0.0007202714,1.0102405,0.001718848
hsa-miR-660,-0.2583425,0.2125150612,0.1007635,0.626469276,0.200821,0.2097832267,0.152451,0.3434816102,0.3600845,0.0300598587
hsa-miR-663,0.076642,0.8085305762,0.07293,0.7560047181,-0.5626795,0.0048155633,-0.9356915,0.0001777847,-0.8861085,0.0002240767
hsa-miR-671-5p,0.385629,0.5139120635,1.0423445,0.0358740683,0.8884145,0.0440105485,1.3494115,0.0055356381,0.9006795,0.0403808989
hsa-miR-675,-0.0673255,0.9233578547,-0.047296,0.9009465523,0.6396845,0.0233719874,1.3989805,0.0002799854,1.0147475,0.0018973953
hsa-miR-7,0.115892,0.6975365174,0.2958715,0.1535299179,-0.079932,0.7329483509,-0.250471,0.1766021996,-0.5628045,0.0074117784
hsa-miR-708,-0.485299,0.1026441281,-1.0976975,0.0011990355,-1.3327105,0.0001558243,-1.6583425,0.0000286,-1.7818345,1.60583099363115E-05
hsa-miR-71,-0.763208,0.1276164546,-0.6647575,0.1154305956,-0.3448395,0.3902262842,-0.826664,0.0362418295,-0.558917,0.140101641
hsa-miR-711,0.3277585,0.5575569735,-0.136134,0.8170414438,1.0289855,0.0158347218,3.213755,1.54614605133939E-05,2.823549,3.40389369722957E-05
hsa-miR-72,-0.425449,0.2687151265,-0.4413165,0.1815772359,-0.4190205,0.1593126955,-0.484054,0.1022737666,-0.606868,0.0463458001
hsa-miR-744,0.0465605,0.945234586,-0.1353315,0.7154536981,-0.0682735,0.8553483866,0.8103705,0.0079104027,0.823883,0.0074101797
hsa-miR-762,-0.291108,0.2872248671,-0.102874,0.7236189389,-0.9600275,0.0007837801,-1.32117,8.69697096348123E-05,-1.2211315,0.000132776
hsa-miR-764,-0.1140045,0.9117145147,0.3626355,0.466497372,1.0052555,0.0222493275,0.3093555,0.4933677529,0.551065,0.1749794587
hsa-miR-767-5p,0.3179235,0.2605146116,0.0822955,0.7944104567,-0.0404635,0.8927396063,-0.452057,0.0456183851,-0.3964175,0.0727693971
hsa-miR-769-5p,0.4191855,0.2482450684,0.6542025,0.0414047084,0.8217875,0.00934352,1.2594665,0.0007261184,1.396697,0.0003567457
hsa-miR-874,-0.15847,0.7099548424,-0.5197065,0.0785471215,-1.564955,0.0001558243,-1.552119,0.0001410052,-1.2769645,0.000452864
hsa-miR-875-3p,-1.282282,0.0411583136,-0.561332,0.2830845921,0.543422,0.2512774407,0.179593,0.768835648,0.46643,0.3080743046
hsa-miR-877,0.164126,0.6077682793,0.4700085,0.0635733209,0.565629,0.0184377223,0.613037,0.0124814209,0.36886,0.0986618166
hsa-miR-890,0.498885,0.22360141,1.0414785,0.0087689933,1.0298525,0.0056455742,1.1474505,0.0026433736,0.908893,0.0093287711
hsa-miR-921,0.217715,0.6114369114,0.114864,0.7901883299,-0.0620805,0.873992563,-0.5650305,0.0631430936,-0.670023,0.03128405
hsa-miR-92a,0.5861885,0.0248773533,0.4371045,0.0358843466,0.260152,0.1495822483,0.263148,0.140277981,0.3566125,0.0516849765
hsa-miR-92b,0.433161,0.1581623107,0.2683965,0.311942167,0.256183,0.282703939,0.364629,0.115005042,0.550312,0.0239660553
hsa-miR-934,0.1321565,0.8085305762,0.326967,0.3125919352,0.907013,0.0060048627,0.3806685,0.1765004823,0.289335,0.3000267701
hsa-miR-938,-0.211767,0.5945936374,0.628833,0.046551322,1.4505235,0.0003382592,0.9806665,0.0031314821,0.9942125,0.0029243107
hsa-miR-942,-0.11723,0.7289534224,0.0327415,0.9033107745,-0.2161135,0.3089047328,-0.389276,0.0617665326,-0.5148615,0.0182883589
hsa-miR-943,-0.1027175,0.9189412447,0.062097,0.9033107745,0.304726,0.4785610319,1.7542565,0.0007261184,1.541079,0.0015730086
hsa-miR-944,0.4153855,0.3688091972,1.1643435,0.0087689933,1.2972055,0.0028433415,0.809539,0.0281258581,0.5283615,0.132255663
hsa-miR-98,0.237071,0.5548226244,0.6391095,0.044893479,0.53885,0.0617866733,0.39946,0.1536523059,0.475377,0.0931809422
hsa-miR-99a,-0.3846645,0.4507007886,-0.3075735,0.5023036328,-0.7084475,0.0635131764,-0.787475,0.0419259089,-0.763803,0.0463458001
hsa-miR-99b,0.184622,0.6077682793,0.0945295,0.7944104567,0.1304915,0.6692688403,0.339698,0.1725705606,0.579357,0.0279075362
