Time	[SRC]	[MIR199b_5p]	[Cav1]	[TGFB3]	[HP199b]	[Sox9mRNA]	[Acan]	[Col2a1]	[MIR199a_5p]	[OtherTargets]	[OtherTargetsRegulators]	[MIR140_5p]	[HP199a]	[SOX9Protein]	[SOX9PhosphoProtein]	[GAG]	
0	1000	5.42346	13.2114	10000	1	8.7604	6.2571	6.40998	10.5401	25	1000	6.55829	0	1	0	1	
0.21	746.317	1.57012	17.2301	9990.42	1	7.1153	5.65579	7.08521	11.303	58.3069	162.516	6.83846	0	67.9679	0.577787	14.539	
0.42	557.53	0.990734	22.5335	9980.85	1	5.27371	4.28817	6.20393	11.4262	99.7657	26.4196	6.93707	0	50.2261	0.444409	14.6723	
0.63	417.037	0.903617	26.8602	9971.29	1	4.31457	3.13331	5.00714	11.446	136.42	4.30292	6.90939	0	41.0049	0.375221	12.2575	
0.84	312.483	0.890518	30.2077	9961.74	1	3.7531	2.38225	4.01052	11.4491	167.503	0.708782	6.81894	0	35.6193	0.33492	10.1192	
1.05	234.675	0.888549	32.832	9952.2	1	3.43571	1.92551	3.28198	11.4495	188.184	0.124707	6.69689	0	32.5566	0.311804	8.64176	
1.26	176.769	0.888252	34.9271	9942.67	1	3.43196	1.68898	2.81754	11.4495	177.883	0.0297902	6.56776	0	32.4297	0.309915	7.72316	
1.47	133.675	0.888208	36.624	9933.15	1	3.89792	1.69404	2.66744	11.4494	121.111	0.0143654	6.46561	0	36.7359	0.340447	7.34415	
1.68	101.604	0.888201	38.013	9923.63	1	4.74094	1.98515	2.90086	11.4493	51.1323	0.0118587	6.42761	0	44.6807	0.398383	7.61094	
1.89	77.735	0.8882	39.159	9914.13	1	5.25512	2.44064	3.41134	11.4491	16.8993	0.0114514	6.45974	0	49.7343	0.437479	8.47548	
2.1	59.9702	0.8882	40.1102	9904.64	1	5.20504	2.68356	3.77245	11.449	14.5034	0.0113852	6.50653	0	49.299	0.434777	9.2876	
2.31	46.7481	0.8882	40.9033	9895.15	1	5.12567	2.73757	3.92457	11.4489	14.4389	0.0113744	6.54339	0	48.5442	0.429207	9.65282	
2.52	36.9064	0.8882	41.5669	9885.68	1	5.05929	2.72332	3.96733	11.4488	14.434	0.0113727	6.57116	0	47.9123	0.424536	9.73978	
2.73	29.5805	0.8882	42.1238	9876.21	1	5.00398	2.68953	3.95848	11.4487	14.4335	0.0113724	6.5916	0	47.3859	0.420645	9.71204	
2.94	24.1267	0.8882	42.5921	9866.76	1	4.95756	2.65325	3.92751	11.4486	14.4335	0.0113723	6.6061	0	46.9442	0.41738	9.6469	
3.15	20.066	0.8882	42.9866	9857.31	1	4.91832	2.61986	3.88901	11.4485	14.4337	0.0113723	6.61582	0	46.5708	0.414622	9.57481	
3.36	17.0422	0.8882	43.3194	9847.87	1	4.88492	2.59061	3.84991	11.4483	14.4339	0.0113723	6.62168	0	46.2531	0.412274	9.50643	
3.57	14.7899	0.8882	43.6004	9838.44	1	4.8563	2.56542	3.81327	11.4482	14.4341	0.0113723	6.62442	0	45.9808	0.410264	9.44479	
3.78	13.1117	0.8882	43.8379	9829.03	1	4.83162	2.54377	3.78021	11.4481	14.4343	0.0113723	6.62467	0	45.7461	0.40853	9.39016	
3.99	11.8609	0.8882	44.0388	9819.62	1	4.8102	2.52513	3.7509	11.448	14.4345	0.0113723	6.62291	0	45.5424	0.407027	9.34189	
4.2	10.928	0.8882	44.2088	9810.22	1	4.79148	2.50898	3.72513	11.4479	14.4347	0.0113723	6.61956	0	45.3645	0.405713	9.29913	
4.41	10.2318	0.8882	44.3528	9800.83	1	4.77502	2.49492	3.70251	11.4478	14.4348	0.0113723	6.61495	0	45.208	0.404558	9.26108	
4.62	9.71168	0.8882	44.4749	9791.45	1	4.76044	2.48259	3.68264	11.4476	14.435	0.0113723	6.60936	0	45.0695	0.403536	9.22698	
4.83	9.32261	0.8882	44.5785	9782.08	1	4.74744	2.47171	3.6651	11.4475	14.4352	0.0113723	6.60301	0	44.9459	0.402624	9.19624	
5.04	9.03106	0.8882	44.6665	9772.71	1	4.73575	2.46202	3.64955	11.4474	14.4354	0.0113723	6.59608	0	44.8349	0.401805	9.16832	
5.25	8.8121	0.8882	44.7412	9763.36	1	4.72517	2.45335	3.63567	11.4473	14.4356	0.0113723	6.58872	0	44.7344	0.401064	9.14279	
5.46	8.64715	0.8882	44.8048	9754.02	1	4.71553	2.44551	3.62319	11.4472	14.4358	0.0113723	6.58104	0	44.6428	0.400389	9.11929	
5.67	8.5224	2.02502	43.2519	9744.68	0	4.90423	2.46731	3.64111	11.4471	10.7287	0.0113723	6.5774	0	46.3408	0.411909	9.1177	
5.88	8.42756	3.20881	38.0609	9735.36	0	5.46117	2.65946	3.84814	11.4469	7.90448	0.0113723	6.6053	0	51.5444	0.449315	9.36317	
6.09	8.35499	4.18838	31.0899	9726.04	0	6.37097	3.09438	4.353	11.4468	6.73904	0.0113723	6.69189	0	60.0831	0.511078	10.0983	
6.3	8.299	4.99896	24.1054	9716.74	0	7.62956	3.83595	5.25374	11.4467	6.13463	0.0113723	6.86344	0	71.9426	0.597315	11.5011	
6.51	8.25533	5.6697	18.5516	9707.44	0	9.0494	4.89108	6.58717	11.4466	5.77534	0.0113723	7.13779	0	85.4	0.695956	13.6817	
6.72	8.22085	6.22472	15.0542	9698.15	0	10.2534	6.09622	8.19464	11.4465	5.54225	0.0113723	7.50689	0	96.897	0.781118	16.4728	
6.93	8.1932	6.68399	13.237	9688.87	0	11.0172	7.16551	9.74193	11.4464	5.38176	0.0113723	7.93419	0	104.234	0.835945	19.3342	
7.14	8.17064	7.06403	12.3616	9679.61	0	11.4277	7.93209	10.978	11.4462	5.26651	0.0113723	8.37953	0	108.186	0.865561	21.721	
7.35	8.15186	7.37851	11.9133	9670.35	0	11.649	8.41626	11.8583	11.4461	5.18116	0.0113723	8.81791	0	110.313	0.881462	23.4494	
7.56	8.13591	7.63873	11.6499	9661.09	0	11.7813	8.70948	12.4528	11.446	5.11647	0.0113723	9.23804	0	111.581	0.8909	24.626	
7.77	8.12206	7.85406	11.4737	9651.85	0	11.8694	8.89024	12.8488	11.4459	5.06657	0.0113723	9.6357	0	112.423	0.897148	25.4306	
7.98	8.10978	8.03224	11.3457	9642.62	0	11.9322	9.00708	13.1145	11.4458	5.02754	0.0113723	10.0096	0	113.022	0.901585	26.0057	
8.19	8.09866	8.17969	11.2484	9633.4	0	11.9783	9.08656	13.2959	11.4457	4.99668	0.0113723	10.3599	0	113.462	0.904842	26.4404	
8.4	8.08841	8.30169	11.1726	9624.18	0	12.0125	9.14277	13.4219	11.4455	4.97208	0.0113723	10.687	0	113.789	0.907256	26.7852	
8.61	8.07881	8.40265	11.1127	9614.98	0	12.0377	9.18342	13.5109	11.4454	4.95233	0.0113723	10.9918	0	114.03	0.909037	27.0684	
8.82	8.0697	8.48619	11.0648	9605.78	0	12.056	9.21299	13.5742	11.4453	4.93639	0.0113723	11.2754	0	114.204	0.910329	27.3065	
9.03	8.06095	8.55532	11.0263	9596.6	0	12.0688	9.2343	13.6194	11.4452	4.92346	0.0113723	11.5388	0	114.327	0.911235	27.5095	
9.24	8.05247	8.61252	10.9952	9587.42	0	12.0773	9.24927	13.6513	11.4451	4.91294	0.0113723	11.7831	0	114.408	0.911836	27.6843	
9.45	8.0442	8.65986	10.9699	9578.25	0	12.0822	9.25925	13.6732	11.4449	4.90436	0.0113723	12.0094	0	114.455	0.912191	27.8356	
9.66	8.03609	8.69902	10.9493	9569.09	0	12.0843	9.26526	13.6874	11.4448	4.89733	0.0113723	12.2189	0	114.476	0.912347	27.967	
9.87	8.02808	8.73143	10.9325	9559.94	0	12.0842	9.26808	13.6957	11.4447	4.89158	0.0113723	12.4126	0	114.475	0.912342	28.0813	
10.08	8.02017	8.75825	10.9187	9550.8	0	12.0821	9.26832	13.6992	11.4446	4.88685	0.0113723	12.5915	0	114.456	0.912204	28.1807	
10.29	8.01233	8.78045	10.9075	9541.67	0	12.0785	9.26645	13.6989	11.4445	4.88297	0.0113723	12.7566	0	114.422	0.911958	28.2672	
10.5	8.00454	8.79881	10.8982	9532.55	0	12.0736	9.26285	13.6956	11.4443	4.87977	0.0113723	12.9088	0	114.376	0.911624	28.3422	
10.71	7.99679	8.81401	10.8906	9523.44	0	12.0677	9.25783	13.6898	11.4442	4.87714	0.0113723	13.0489	0	114.32	0.911215	28.407	
10.92	7.98907	8.82658	10.8843	9514.33	0	12.0609	9.25165	13.682	11.4441	4.87498	0.0113723	13.1779	0	114.256	0.910746	28.4628	
11.13	7.98138	8.83698	10.8792	9505.24	0	12.0534	9.2445	13.6725	11.444	4.87319	0.0113723	13.2966	0	114.185	0.910226	28.5105	
11.34	7.97371	8.84559	10.875	9496.15	0	12.0453	9.23656	13.6617	11.4439	4.87172	0.0113723	13.4055	0	114.109	0.909664	28.551	
11.55	7.96605	8.85272	10.8715	9487.07	0	12.0368	9.22795	13.6497	11.4437	4.87051	0.0113723	13.5054	0	114.027	0.909068	28.585	
11.76	7.95842	8.85861	10.8686	9478.01	0	12.0277	9.21879	13.6367	11.4436	4.8695	0.0113723	13.5971	0	113.942	0.908442	28.6131	
11.97	7.95079	8.86349	10.8663	9468.95	0	12.0184	9.20917	13.623	11.4435	4.86868	0.0113723	13.681	0	113.853	0.907792	28.6359	
12.18	7.94318	8.86753	10.8643	9459.9	0	12.0087	9.19917	13.6086	11.4434	4.868	0.0113723	13.7577	0	113.762	0.907121	28.6539	
12.39	7.93558	8.87087	10.8627	9450.86	0	11.9988	9.18885	13.5937	11.4433	4.86744	0.0113723	13.8277	0	113.668	0.906434	28.6675	
12.6	7.92799	8.87363	10.8614	9441.82	0	11.9887	9.17826	13.5784	11.4431	4.86698	0.0113723	13.8916	0	113.573	0.905732	28.6771	
12.81	7.9204	8.87592	10.8604	9432.8	0	11.9785	9.16745	13.5626	11.443	4.8666	0.0113723	13.9498	0	113.475	0.905018	28.6831	
13.02	7.91283	8.87781	10.8595	9423.79	0	11.9681	9.15646	13.5466	11.4429	4.86629	0.0113723	14.0026	0	113.377	0.904294	28.6858	
13.23	7.90527	8.87938	10.8588	9414.78	0	11.9575	9.14531	13.5303	11.4428	4.86603	0.0113723	14.0506	0	113.277	0.903562	28.6855	
13.44	7.89771	8.88067	10.8582	9405.79	0	11.9469	9.13403	13.5137	11.4427	4.86582	0.0113723	14.094	0	113.176	0.902822	28.6824	
13.65	7.89016	8.88175	10.8577	9396.8	0	11.9362	9.12264	13.497	11.4425	4.86565	0.0113723	14.1332	0	113.075	0.902077	28.6769	
13.86	7.88262	8.88263	10.8574	9387.82	0	11.9254	9.11116	13.4801	11.4424	4.86551	0.0113723	14.1685	0	112.972	0.901326	28.669	
14.07	7.87509	8.88337	10.8571	9378.85	0	11.9145	9.0996	13.4631	11.4423	4.8654	0.0113723	14.2002	0	112.869	0.900571	28.659	
