Time	[SRC]	[MIR199b_5p]	[Cav1]	[TGFB3]	[HP199b]	[Sox9mRNA]	[Acan]	[Col2a1]	[MIR199a_5p]	[OtherTargets]	[OtherTargetsRegulators]	[MIR140_5p]	[HP199a]	[SOX9Protein]	[SOX9PhosphoProtein]	[GAG]	
0	1000	5.42346	13.2114	10000	0	8.7604	6.2571	6.40998	10.5401	25	1000	6.55829	0	1	0	1	
0.21	746.317	6.02097	13.3659	9990.42	0	9.83815	6.40678	7.8602	11.303	23.4652	162.517	6.92715	0	93.0884	0.754472	15.2059	
0.42	557.53	6.51539	12.8245	9980.85	0	10.253	6.87982	9.12829	11.4262	20.3678	26.4198	7.34715	0	97.0373	0.783593	18.6537	
0.63	417.037	6.92452	12.3343	9971.29	0	10.5669	7.28616	10.0586	11.446	18.7021	4.30297	7.76678	0	100.032	0.805765	20.282	
0.84	312.483	7.26306	11.9757	9961.74	0	10.8246	7.61672	10.7522	11.4491	17.2762	0.708792	8.1787	0	102.479	0.82374	21.454	
1.05	234.675	7.5432	11.7195	9952.2	0	11.1611	7.92236	11.3209	11.4495	14.609	0.124709	8.5829	0	105.624	0.846356	22.4409	
1.26	176.769	7.77501	11.5329	9942.67	0	11.7431	8.345	11.9585	11.4495	9.32765	0.0297904	8.99481	0	111.105	0.886162	23.5107	
1.47	133.675	7.96683	11.3932	9933.15	0	12.1554	8.86209	12.6977	11.4494	5.97557	0.0143654	9.42248	0	115.096	0.916332	24.8587	
1.68	101.604	8.12556	11.2863	9923.63	0	12.2928	9.22297	13.2823	11.4493	5.16672	0.0118588	9.84079	0	116.434	0.926558	26.1014	
1.89	77.735	8.2569	11.203	9914.13	0	12.3474	9.41506	13.6586	11.4491	5.00651	0.0114514	10.2351	0	116.96	0.930513	26.9669	
2.1	59.9702	8.36559	11.1373	9904.64	0	12.3795	9.51444	13.8899	11.449	4.96333	0.0113852	10.6032	0	117.267	0.932795	27.5278	
2.31	46.7481	8.45552	11.0849	9895.15	0	12.4017	9.56946	14.0329	11.4489	4.94251	0.0113744	10.9456	0	117.479	0.934365	27.9107	
2.52	36.9064	8.52994	11.0428	9885.68	0	12.4174	9.60261	14.1231	11.4488	4.92793	0.0113727	11.2637	0	117.629	0.935475	28.196	
2.73	29.5804	8.59152	11.0087	9876.21	0	12.4281	9.6238	14.1809	11.4487	4.91645	0.0113724	11.5588	0	117.732	0.936238	28.4243	
2.94	24.1266	8.64248	10.981	9866.76	0	12.4349	9.63755	14.2182	11.4486	4.90715	0.0113723	11.8322	0	117.798	0.936724	28.6152	
3.15	20.066	8.68465	10.9583	9857.31	0	12.4386	9.64615	14.2419	11.4485	4.89955	0.0113723	12.0854	0	117.833	0.936989	28.7788	
3.36	17.0422	8.71954	10.9398	9847.87	0	12.4397	9.65089	14.2563	11.4483	4.89334	0.0113723	12.3195	0	117.844	0.937073	28.9208	
3.57	14.7899	8.74841	10.9245	9838.44	0	12.4387	9.65262	14.264	11.4482	4.88823	0.0113723	12.5359	0	117.835	0.937009	29.0446	
3.78	13.1117	8.7723	10.9119	9829.03	0	12.436	9.65193	14.2666	11.4481	4.88404	0.0113723	12.7357	0	117.809	0.936824	29.1529	
3.99	11.8609	8.79207	10.9016	9819.62	0	12.4318	9.64927	14.2654	11.448	4.8806	0.0113723	12.9201	0	117.77	0.936539	29.2477	
4.2	10.928	8.80843	10.893	9810.22	0	12.4264	9.645	14.2611	11.4479	4.87776	0.0113723	13.09	0	117.72	0.936169	29.3304	
4.41	10.2318	8.82197	10.886	9800.83	0	12.4201	9.63938	14.2545	11.4478	4.87542	0.0113723	13.2466	0	117.66	0.93573	29.4025	
4.62	9.7117	8.83317	10.8802	9791.45	0	12.4129	9.63265	14.2458	11.4476	4.8735	0.0113723	13.3907	0	117.592	0.935233	29.465	
4.83	9.32262	8.84244	10.8754	9782.08	0	12.405	9.62499	14.2355	11.4475	4.87191	0.0113723	13.5232	0	117.517	0.934687	29.5188	
5.04	9.03108	8.85011	10.8715	9772.71	0	12.3966	9.61654	14.2239	11.4474	4.8706	0.0113723	13.645	0	117.437	0.9341	29.5649	
5.25	8.81211	8.85645	10.8682	9763.36	0	12.3876	9.60745	14.2112	11.4473	4.86952	0.0113723	13.7568	0	117.352	0.933478	29.6041	
5.46	8.64715	8.8617	10.8656	9754.02	0	12.3782	9.59782	14.1975	11.4472	4.86863	0.0113723	13.8593	0	117.264	0.932829	29.6368	
5.67	8.5224	8.86605	10.8634	9744.68	0	12.3685	9.58773	14.1831	11.4471	4.8679	0.0113723	13.9532	0	117.172	0.932155	29.6638	
5.88	8.42756	8.86965	10.8616	9735.36	0	12.3586	9.57727	14.1681	11.4469	4.8673	0.0113723	14.0392	0	117.077	0.931461	29.6856	
6.09	8.35499	8.87262	10.8602	9726.04	0	12.3483	9.56648	14.1525	11.4468	4.8668	0.0113723	14.1178	0	116.98	0.93075	29.7027	
6.3	8.299	8.87508	10.859	9716.74	0	12.3379	9.55543	14.1364	11.4467	4.86639	0.0113723	14.1895	0	116.882	0.930025	29.7154	
6.51	8.25533	8.87712	10.858	9707.44	0	12.3273	9.54416	14.12	11.4466	4.86605	0.0113723	14.2549	0	116.781	0.929289	29.7241	
6.72	8.22085	8.87881	10.8572	9698.15	0	12.3166	9.53271	14.1032	11.4465	4.86578	0.0113723	14.3144	0	116.68	0.928542	29.7293	
6.93	8.19321	8.8802	10.8566	9688.87	0	12.3057	9.5211	14.0862	11.4464	4.86555	0.0113723	14.3685	0	116.577	0.927787	29.7311	
7.14	8.17064	8.88136	10.8561	9679.61	0	12.2947	9.50935	14.069	11.4462	4.86536	0.0113723	14.4175	0	116.473	0.927025	29.73	
7.35	8.15187	8.88231	10.8556	9670.35	0	12.2837	9.4975	14.0516	11.4461	4.86521	0.0113723	14.4619	0	116.368	0.926257	29.7261	
7.56	8.13592	8.8831	10.8553	9661.09	0	12.2726	9.48556	14.0341	11.446	4.86509	0.0113723	14.502	0	116.263	0.925483	29.7196	
7.77	8.12207	8.88376	10.855	9651.85	0	12.2614	9.47354	14.0164	11.4459	4.86499	0.0113723	14.538	0	116.157	0.924706	29.7109	
7.98	8.10979	8.8843	10.8548	9642.62	0	12.2502	9.46146	13.9986	11.4458	4.86491	0.0113723	14.5704	0	116.051	0.923925	29.7	
8.19	8.09867	8.88475	10.8547	9633.4	0	12.2389	9.44933	13.9807	11.4457	4.86484	0.0113723	14.5994	0	115.944	0.923141	29.6871	
8.4	8.08842	8.88512	10.8545	9624.18	0	12.2276	9.43715	13.9627	11.4455	4.86479	0.0113723	14.6252	0	115.837	0.922354	29.6725	
8.61	8.07882	8.88542	10.8545	9614.98	0	12.2163	9.42493	13.9447	11.4454	4.86475	0.0113723	14.648	0	115.729	0.921566	29.6562	
8.82	8.06971	8.88568	10.8544	9605.78	0	12.2049	9.41269	13.9266	11.4453	4.86472	0.0113723	14.6682	0	115.621	0.920775	29.6384	
9.03	8.06096	8.88589	10.8543	9596.6	0	12.1935	9.40042	13.9085	11.4452	4.86469	0.0113723	14.6858	0	115.514	0.919983	29.6192	
9.24	8.05248	8.88606	10.8543	9587.42	0	12.1821	9.38813	13.8904	11.4451	4.86468	0.0113723	14.7012	0	115.406	0.91919	29.5987	
9.45	8.04421	8.8862	10.8543	9578.25	0	12.1707	9.37583	13.8722	11.4449	4.86466	0.0113723	14.7144	0	115.297	0.918396	29.5771	
9.66	8.03609	8.88632	10.8543	9569.09	0	12.1593	9.36351	13.854	11.4448	4.86465	0.0113723	14.7256	0	115.189	0.917601	29.5543	
9.87	8.02809	8.88642	10.8543	9559.94	0	12.1478	9.35118	13.8358	11.4447	4.86465	0.0113723	14.735	0	115.081	0.916806	29.5306	
10.08	8.02018	8.8865	10.8543	9550.8	0	12.1364	9.33885	13.8176	11.4446	4.86465	0.0113723	14.7427	0	114.972	0.91601	29.506	
10.29	8.01233	8.88657	10.8544	9541.67	0	12.125	9.32652	13.7994	11.4445	4.86464	0.0113723	14.7489	0	114.864	0.915214	29.4805	
10.5	8.00454	8.88663	10.8544	9532.55	0	12.1135	9.31419	13.7811	11.4443	4.86465	0.0113723	14.7536	0	114.755	0.914417	29.4542	
10.71	7.99679	8.88667	10.8545	9523.44	0	12.1021	9.30185	13.7629	11.4442	4.86465	0.0113723	14.7569	0	114.647	0.913621	29.4272	
10.92	7.98907	8.88671	10.8545	9514.33	0	12.0906	9.28952	13.7447	11.4441	4.86466	0.0113723	14.7591	0	114.538	0.912824	29.3996	
11.13	7.98138	8.88674	10.8545	9505.24	0	12.0792	9.27719	13.7264	11.444	4.86466	0.0113723	14.7601	0	114.43	0.912027	29.3714	
11.34	7.97371	8.88677	10.8546	9496.15	0	12.0677	9.26486	13.7082	11.4439	4.86467	0.0113723	14.76	0	114.321	0.911231	29.3426	
11.55	7.96605	8.88679	10.8546	9487.07	0	12.0563	9.25254	13.69	11.4437	4.86468	0.0113723	14.759	0	114.213	0.910435	29.3133	
11.76	7.95842	8.88681	10.8547	9478.01	0	12.0448	9.24023	13.6718	11.4436	4.86468	0.0113723	14.757	0	114.104	0.909639	29.2836	
11.97	7.95079	8.88682	10.8548	9468.95	0	12.0334	9.22792	13.6536	11.4435	4.86469	0.0113723	14.7543	0	113.996	0.908843	29.2534	
12.18	7.94318	8.88684	10.8548	9459.9	0	12.022	9.21562	13.6354	11.4434	4.8647	0.0113723	14.7507	0	113.888	0.908047	29.2228	
12.39	7.93558	8.88685	10.8549	9450.86	0	12.0105	9.20333	13.6172	11.4433	4.86471	0.0113723	14.7465	0	113.779	0.907252	29.1919	
12.6	7.92799	8.88685	10.8549	9441.82	0	11.9991	9.19105	13.599	11.4431	4.86472	0.0113723	14.7416	0	113.671	0.906457	29.1606	
12.81	7.92041	8.88686	10.855	9432.8	0	11.9877	9.17878	13.5809	11.443	4.86473	0.0113723	14.7361	0	113.563	0.905663	29.1291	
13.02	7.91283	8.88687	10.855	9423.79	0	11.9763	9.16652	13.5628	11.4429	4.86474	0.0113723	14.73	0	113.455	0.904869	29.0973	
13.23	7.90527	8.88687	10.8551	9414.78	0	11.9649	9.15427	13.5446	11.4428	4.86475	0.0113723	14.7235	0	113.347	0.904076	29.0652	
13.44	7.89771	8.88688	10.8552	9405.79	0	11.9535	9.14204	13.5265	11.4427	4.86477	0.0113723	14.7164	0	113.239	0.903283	29.0329	
13.65	7.89016	8.88688	10.8552	9396.8	0	11.9421	9.12981	13.5085	11.4425	4.86478	0.0113723	14.7089	0	113.131	0.902491	29.0004	
13.86	7.88262	8.88688	10.8553	9387.82	0	11.9307	9.1176	13.4904	11.4424	4.86479	0.0113723	14.701	0	113.023	0.901699	28.9677	
14.07	7.87509	8.88688	10.8553	9378.85	0	11.9193	9.1054	13.4723	11.4423	4.8648	0.0113723	14.6927	0	112.915	0.900908	28.9349	
